Date,Close,High,Low,Open,Volume,timestamp
2020-01-19,166.9698486328125,177.2476348876953,163.67686462402344,175.46759033203125,13713374132,1579392000
2020-01-20,167.12051391601562,169.11488342285156,162.33160400390625,166.9041290283203,11144529787,1579478400
2020-01-21,169.69715881347656,169.9101104736328,165.81971740722656,167.0604705810547,9789369362,1579564800
2020-01-22,168.29415893554688,171.00869750976562,166.77423095703125,169.60853576660156,9209827928,1579651200
2020-01-23,162.92855834960938,168.31224060058594,160.29531860351562,168.2957000732422,10396868698,1579737600
2020-01-24,163.05117797851562,164.3094482421875,156.74974060058594,162.8993682861328,10657671162,1579824000
2020-01-25,161.283935546875,163.22723388671875,158.63247680664062,163.06729125976562,8256956802,1579910400
2020-01-26,168.0771026611328,168.22032165527344,160.2811279296875,161.17681884765625,9261861590,1579996800
2020-01-27,170.93089294433594,172.92291259765625,166.90109252929688,168.00885009765625,11004476145,1580083200
2020-01-28,176.3703155517578,176.3703155517578,170.73806762695312,170.88485717773438,11772875064,1580169600
2020-01-29,175.0503387451172,178.8429718017578,175.0503387451172,176.34788513183594,10725267311,1580256000
2020-01-30,184.6904754638672,186.26048278808594,172.3746337890625,174.91770935058594,12604789338,1580342400
2020-01-31,180.16017150878906,185.4058380126953,176.29681396484375,184.73690795898438,11728616394,1580428800
2020-02-01,183.6739501953125,183.84555053710938,179.74517822265625,180.11376953125,11569697182,1580515200
2020-02-02,188.61753845214844,193.0803985595703,180.1739501953125,183.53250122070312,14054425389,1580601600
2020-02-03,189.8650665283203,193.4368896484375,188.0126953125,188.60740661621094,12392875241,1580688000
2020-02-04,189.25059509277344,191.1114959716797,185.40362548828125,189.86172485351562,11714191695,1580774400
2020-02-05,204.23023986816406,206.8040008544922,188.752685546875,189.29910278320312,14865434435,1580860800
2020-02-06,212.33908081054688,214.59771728515625,201.90406799316406,204.12969970703125,16425589683,1580947200
2020-02-07,222.72605895996094,223.14093017578125,212.30419921875,212.31588745117188,16673443564,1581033600
2020-02-08,223.14651489257812,226.5880889892578,215.38629150390625,222.51097106933594,16741203125,1581120000
2020-02-09,228.5785675048828,229.86424255371094,222.98223876953125,222.98223876953125,15031356241,1581206400
2020-02-10,223.522705078125,229.1846160888672,218.08004760742188,228.54913330078125,16210008511,1581292800
2020-02-11,235.8511962890625,236.54713439941406,218.61761474609375,223.3849334716797,16964695963,1581379200
2020-02-12,265.4061279296875,272.3988342285156,235.89627075195312,235.89822387695312,24545049386,1581465600
2020-02-13,268.0992431640625,273.7410583496094,258.9225158691406,265.0527038574219,25801317504,1581552000
2020-02-14,284.2174987792969,285.0564270019531,262.76251220703125,268.0232849121094,23558253463,1581638400
2020-02-15,264.72857666015625,287.1236877441406,264.2796630859375,284.5613098144531,23682452994,1581724800
2020-02-16,259.89471435546875,272.8824462890625,242.48440551757812,264.904052734375,25152366643,1581811200
2020-02-17,266.3634338378906,266.8712463378906,244.3353271484375,259.89056396484375,26024080089,1581897600
2020-02-18,281.944580078125,283.1961364746094,261.4638977050781,266.5088195800781,26511477187,1581984000
2020-02-19,259.76397705078125,283.5379333496094,259.76397705078125,282.0362854003906,22679414413,1582070400
2020-02-20,257.949462890625,263.6954040527344,250.95126342773438,259.8198547363281,23229828870,1582156800
2020-02-21,265.6006164550781,267.0048522949219,255.6890869140625,257.89111328125,20867593292,1582243200
2020-02-22,262.33172607421875,266.38720703125,258.91314697265625,265.55157470703125,16906032862,1582329600
2020-02-23,273.754150390625,273.754150390625,261.96051025390625,262.2784118652344,19585998814,1582416000
2020-02-24,265.2164306640625,275.5395202636719,259.6251525878906,273.705078125,22400845640,1582502400
2020-02-25,247.81759643554688,265.4314880371094,246.85899353027344,265.28338623046875,21878882134,1582588800
2020-02-26,225.68026733398438,249.6497039794922,221.2665557861328,247.74020385742188,26235617201,1582675200
2020-02-27,226.75338745117188,237.2289276123047,212.66452026367188,225.68704223632812,25645522790,1582761600
2020-02-28,226.760498046875,234.2089385986328,216.34620666503906,226.98760986328125,22563530559,1582848000
2020-02-29,219.8485107421875,232.25662231445312,219.8485107421875,226.8334503173828,18181296376,1582934400
2020-03-01,218.97059631347656,226.67788696289062,214.13043212890625,219.752685546875,18179807469,1583020800
2020-03-02,230.5697784423828,232.81158447265625,217.28428649902344,218.7116241455078,20305587789,1583107200
2020-03-03,224.47962951660156,232.3258056640625,221.732666015625,230.5239715576172,19853178572,1583193600
2020-03-04,224.51797485351562,228.04042053222656,222.08888244628906,224.56533813476562,16567075208,1583280000
2020-03-05,229.2681884765625,234.3644561767578,224.6418914794922,224.6418914794922,18201291785,1583366400
2020-03-06,243.52529907226562,243.5549774169922,228.7435760498047,229.16842651367188,19374772256,1583452800
2020-03-07,237.85308837890625,249.97848510742188,237.55128479003906,243.7501983642578,19431652027,1583539200
2020-03-08,200.68905639648438,237.7806854248047,200.6029815673828,237.7806854248047,21381823651,1583625600
2020-03-09,201.986328125,207.45140075683594,192.2698974609375,201.31849670410156,23645428606,1583712000
2020-03-10,200.76724243164062,205.71424865722656,198.0644989013672,202.86395263671875,18344930072,1583798400
2020-03-11,194.8685302734375,202.9542999267578,184.36215209960938,200.76803588867188,16984790291,1583884800
2020-03-12,112.34712219238281,195.14793395996094,111.21070861816406,194.73892211914062,22134741655,1583971200
2020-03-13,133.20181274414062,137.42953491210938,95.1843032836914,112.68999481201172,27864623061,1584057600
2020-03-14,123.30602264404297,134.484375,122.41447448730469,133.5824737548828,12740784545,1584144000
2020-03-15,125.21430206298828,132.2421417236328,121.85365295410156,123.24606323242188,12719251813,1584230400
2020-03-16,110.60587310791016,124.9961166381836,105.17144012451172,124.9961166381836,15984904590,1584316800
2020-03-17,113.9427490234375,118.98828125,110.40678405761719,110.40678405761719,12087490572,1584403200
2020-03-18,114.84226989746094,116.02162170410156,111.74311065673828,113.8576431274414,11617854009,1584489600
2020-03-19,136.59385681152344,140.52772521972656,114.73286437988281,114.83982849121094,16396753275,1584576000
2020-03-20,132.73716735839844,150.8538055419922,122.60565948486328,136.64927673339844,18960388062,1584662400
2020-03-21,132.81871032714844,135.972412109375,127.16375732421875,133.1017608642578,13684083308,1584748800
2020-03-22,123.32115173339844,136.15164184570312,122.90933227539062,132.85113525390625,12497707224,1584835200
2020-03-23,134.91160583496094,134.91160583496094,121.86788177490234,123.36598205566406,14149877968,1584921600
2020-03-24,138.76144409179688,141.9485321044922,133.1687774658203,135.1941375732422,14609068673,1585008000
2020-03-25,136.19589233398438,141.40379333496094,134.30422973632812,138.9149627685547,13433092920,1585094400
2020-03-26,138.36155700683594,138.83056640625,134.8860321044922,136.190673828125,11367261176,1585180800
2020-03-27,133.9379425048828,139.90269470214844,133.9379425048828,138.36993408203125,11396286629,1585267200
2020-03-28,130.9864959716797,134.03274536132812,126.96218872070312,134.03274536132812,12162403960,1585353600
2020-03-29,125.58373260498047,131.17408752441406,125.4500503540039,131.0153350830078,9938133669,1585440000
2020-03-30,132.904541015625,133.91146850585938,125.28968048095703,125.57789611816406,11841123306,1585526400
2020-03-31,133.59356689453125,134.27413940429688,131.65289306640625,132.8209228515625,11065246317,1585612800
2020-04-01,135.63455200195312,135.63455200195312,129.73094177246094,133.61231994628906,12456564435,1585699200
2020-04-02,142.02914428710938,146.78709411621094,135.732177734375,135.732177734375,15322861686,1585785600
2020-04-03,142.09130859375,146.89987182617188,139.619384765625,142.11045837402344,13184603402,1585872000
2020-04-04,145.21939086914062,145.37730407714844,140.121826171875,142.21517944335938,11946658257,1585958400
2020-04-05,143.54664611816406,146.12852478027344,142.10208129882812,145.26101684570312,11280993591,1586044800
2020-04-06,169.13587951660156,169.27264404296875,143.5446014404297,143.60821533203125,21636382525,1586131200
2020-04-07,165.10194396972656,175.20413208007812,164.2033233642578,169.14744567871094,21659346091,1586217600
2020-04-08,172.64173889160156,173.21026611328125,164.49319458007812,165.24032592773438,17063110836,1586304000
2020-04-09,170.80714416503906,172.8977813720703,167.98712158203125,172.76126098632812,14901696210,1586390400
2020-04-10,158.41244506835938,170.94976806640625,154.9144744873047,170.8292694091797,17980944616,1586476800
2020-04-11,158.2160186767578,161.16757202148438,155.29833984375,158.5389862060547,13555089447,1586563200
2020-04-12,161.14242553710938,164.51695251464844,156.3205108642578,158.23239135742188,15123721386,1586649600
2020-04-13,156.27955627441406,160.74969482421875,151.61448669433594,160.72067260742188,16465282133,1586736000
2020-04-14,157.5963897705078,160.94427490234375,155.86593627929688,156.35595703125,14723156630,1586822400
2020-04-15,153.28689575195312,160.71112060546875,152.80284118652344,157.56564331054688,14171753737,1586908800
2020-04-16,172.15737915039062,173.1572723388672,150.3594207763672,153.20042419433594,22910469236,1586995200
2020-04-17,171.63858032226562,174.27590942382812,169.75157165527344,172.2794189453125,16714684266,1587081600
2020-04-18,186.91400146484375,187.9404754638672,171.61807250976562,171.61807250976562,20160323443,1587168000
2020-04-19,181.61495971679688,188.0989227294922,180.12081909179688,186.8619842529297,19146038381,1587254400
2020-04-20,172.2971649169922,186.0835418701172,170.32127380371094,181.480224609375,21266681335,1587340800
2020-04-21,172.73770141601562,175.178466796875,170.55284118652344,172.01771545410156,16458767984,1587427200
2020-04-22,182.59957885742188,183.75100708007812,171.82659912109375,172.67039489746094,17994666395,1587513600
2020-04-23,185.02867126464844,189.0888671875,180.3406524658203,182.62017822265625,21275740032,1587600000
2020-04-24,189.2369384765625,190.21038818359375,185.22210693359375,185.22210693359375,16788555028,1587686400
2020-04-25,195.5153045654297,196.79237365722656,188.45953369140625,189.2073974609375,18260969748,1587772800
2020-04-26,197.31753540039062,199.344970703125,194.76806640625,195.41358947753906,18335367012,1587859200
2020-04-27,197.22471618652344,199.55279541015625,193.45416259765625,197.47572326660156,18670194595,1587945600
2020-04-28,198.41539001464844,198.7865447998047,194.84942626953125,197.2735137939453,18217507467,1588032000
2020-04-29,216.96823120117188,218.4546356201172,198.12451171875,198.46519470214844,26397548759,1588118400
2020-04-30,207.60205078125,227.52969360351562,206.43692016601562,216.9091339111328,28089191904,1588204800
2020-05-01,214.21910095214844,217.62802124023438,207.7808837890625,207.9017333984375,20816320834,1588291200
2020-05-02,215.32537841796875,215.8475341796875,212.87867736816406,214.23008728027344,18260876092,1588377600
2020-05-03,210.9331512451172,219.2708740234375,208.69236755371094,215.35206604003906,20469034664,1588464000
2020-05-04,208.17401123046875,211.82838439941406,199.0477294921875,210.89085388183594,22602446422,1588550400
2020-05-05,206.77439880371094,211.77862548828125,204.0311279296875,208.01300048828125,19004689099,1588636800
2020-05-06,204.0557861328125,211.5346221923828,204.04087829589844,206.48135375976562,20343543799,1588723200
2020-05-07,212.28941345214844,214.39247131347656,202.07484436035156,203.91285705566406,23594744655,1588809600
2020-05-08,212.9915771484375,216.3276824951172,208.8307342529297,212.1982421875,20445139356,1588896000
2020-05-09,211.60012817382812,214.73912048339844,209.07151794433594,213.1421661376953,18950547549,1588982400
2020-05-10,188.5995635986328,211.5522003173828,182.71116638183594,211.5522003173828,25211575193,1589068800
2020-05-11,185.912841796875,191.36233520507812,180.7183380126953,188.63218688964844,20054601647,1589155200
2020-05-12,189.3125,191.60134887695312,185.70179748535156,185.87733459472656,15899726284,1589241600
2020-05-13,199.1932830810547,200.19732666015625,189.12770080566406,189.3740997314453,17054662289,1589328000
2020-05-14,202.9490966796875,204.1175994873047,196.8688201904297,198.89151000976562,20150524861,1589414400
2020-05-15,195.62266540527344,203.56639099121094,193.75567626953125,202.9553985595703,16602342092,1589500800
2020-05-16,200.6771240234375,202.7711944580078,194.5015869140625,195.61338806152344,15379081645,1589587200
2020-05-17,207.15869140625,209.1609344482422,200.10279846191406,200.60887145996094,15470397303,1589673600
2020-05-18,214.52505493164062,215.90846252441406,207.10906982421875,207.17977905273438,17411566928,1589760000
2020-05-19,213.45111083984375,214.6049346923828,210.14305114746094,214.6049346923828,14346192779,1589846400
2020-05-20,210.09674072265625,214.71682739257812,207.97581481933594,213.4462432861328,12730175511,1589932800
2020-05-21,199.88360595703125,211.62518310546875,193.346435546875,210.129150390625,13308321229,1590019200
2020-05-22,207.169189453125,208.59153747558594,198.04086303710938,199.8371124267578,12041592114,1590105600
2020-05-23,208.69439697265625,210.38645935058594,205.29421997070312,207.19448852539062,10665476768,1590192000
2020-05-24,202.37034606933594,210.59507751464844,202.37034606933594,208.716064453125,11833299572,1590278400
2020-05-25,205.3197479248047,206.3614501953125,200.6675567626953,201.98265075683594,10415044124,1590364800
2020-05-26,201.90231323242188,205.75254821777344,200.2642822265625,205.2595672607422,10159741290,1590451200
2020-05-27,208.86343383789062,208.86343383789062,201.78506469726562,201.89300537109375,10631034756,1590537600
2020-05-28,219.84042358398438,220.27650451660156,206.24266052246094,208.88543701171875,12212469604,1590624000
2020-05-29,220.6751251220703,224.2168731689453,218.23805236816406,219.925048828125,12265816557,1590710400
2020-05-30,242.34559631347656,243.94314575195312,218.7444610595703,220.7172088623047,15027397867,1590796800
2020-05-31,230.9757080078125,244.04525756835938,230.05282592773438,242.35137939453125,12234904813,1590883200
2020-06-01,246.99176025390625,248.2362823486328,230.48805236816406,230.86026000976562,13951727936,1590969600
2020-06-02,237.21905517578125,252.2220001220703,233.2252960205078,246.82818603515625,13782107567,1591056000
2020-06-03,244.1793212890625,244.1793212890625,235.46444702148438,237.3952178955078,9861760817,1591142400
2020-06-04,244.4263916015625,245.92897033691406,236.7653045654297,244.10528564453125,10170414304,1591228800
2020-06-05,241.22198486328125,247.32949829101562,240.6820526123047,244.34959411621094,9293963914,1591315200
2020-06-06,241.9313201904297,245.98104858398438,239.7245330810547,241.20135498046875,8114873845,1591401600
2020-06-07,245.16725158691406,245.4352569580078,236.32525634765625,241.9080810546875,9544883157,1591488000
2020-06-08,246.30990600585938,246.64419555664062,241.5421905517578,245.17857360839844,8076783299,1591574400
2020-06-09,244.9114532470703,248.34243774414062,242.3385467529297,246.17501831054688,8446545788,1591660800
2020-06-10,247.4449462890625,248.65115356445312,242.8197479248047,244.8220672607422,8792990206,1591747200
2020-06-11,231.70266723632812,249.8883056640625,229.94297790527344,247.5485382080078,12356528860,1591833600
2020-06-12,237.4932098388672,239.3546905517578,229.6450653076172,231.62545776367188,8868955009,1591920000
2020-06-13,238.90884399414062,239.19309997558594,235.88967895507812,237.54461669921875,7141624980,1592006400
2020-06-14,234.1147003173828,239.10145568847656,232.95819091796875,238.9681854248047,7439385176,1592092800
2020-06-15,229.9289093017578,234.2378387451172,221.24176025390625,234.0583038330078,10536099884,1592179200
2020-06-16,234.41616821289062,236.39430236816406,228.4261474609375,229.76229858398438,7965648016,1592265600
2020-06-17,233.0282745361328,235.9540557861328,229.34164428710938,234.49237060546875,7701391592,1592352000
2020-06-18,232.10116577148438,234.57064819335938,228.95143127441406,232.89869689941406,6713800872,1592438400
2020-06-19,227.13829040527344,232.15411376953125,226.79518127441406,231.95497131347656,6946372590,1592524800
2020-06-20,229.27426147460938,231.4490203857422,226.640625,226.9763641357422,6252830566,1592611200
2020-06-21,228.9898223876953,232.35894775390625,228.4929962158203,229.2161407470703,5600408178,1592697600
2020-06-22,242.53318786621094,243.77601623535156,228.9347381591797,229.0033721923828,9079586552,1592784000
2020-06-23,244.14215087890625,244.86441040039062,239.75973510742188,242.53701782226562,6624530348,1592870400
2020-06-24,235.7724609375,248.50802612304688,232.8077392578125,244.18592834472656,8815030025,1592956800
2020-06-25,232.94448852539062,236.05340576171875,230.29660034179688,235.70285034179688,7010426122,1593043200
2020-06-26,229.6680450439453,233.9019317626953,229.25946044921875,232.8774871826172,7187490226,1593129600
2020-06-27,222.9597930908203,232.49342346191406,220.5645751953125,229.63148498535156,6918380955,1593216000
2020-06-28,225.34716796875,228.59828186035156,219.47267150878906,222.91448974609375,6205925718,1593302400
2020-06-29,228.1948699951172,229.90321350097656,222.25498962402344,225.36143493652344,6726164653,1593388800
2020-06-30,226.31500244140625,229.476806640625,224.815185546875,227.9684295654297,6094093001,1593475200
2020-07-01,231.11341857910156,232.75611877441406,224.8357391357422,226.13458251953125,6463737443,1593561600
2020-07-02,229.39219665527344,232.39688110351562,225.4619598388672,231.28890991210938,6212210566,1593648000
2020-07-03,225.38706970214844,229.6293182373047,224.91397094726562,229.31895446777344,5109032700,1593734400
2020-07-04,229.07411193847656,230.05413818359375,225.13331604003906,225.28848266601562,5228310135,1593820800
2020-07-05,227.6645965576172,229.85671997070312,224.54449462890625,228.9761962890625,5292172429,1593907200
2020-07-06,241.51022338867188,242.13270568847656,227.02952575683594,227.6850128173828,8782917553,1593993600
2020-07-07,239.07553100585938,242.68185424804688,234.21865844726562,240.97259521484375,6441497597,1594080000
2020-07-08,246.67001342773438,248.30886840820312,238.39837646484375,239.15997314453125,9892586411,1594166400
2020-07-09,243.01596069335938,247.2916717529297,239.89865112304688,246.748291015625,8429099199,1594252800
2020-07-10,240.9849853515625,242.8837890625,236.73052978515625,242.86801147460938,7281370522,1594339200
2020-07-11,239.4581756591797,241.52748107910156,238.33123779296875,241.04478454589844,5643067316,1594425600
2020-07-12,242.13169860839844,243.31114196777344,237.7702178955078,239.4596405029297,6596394718,1594512000
2020-07-13,239.60458374023438,244.31051635742188,238.2323760986328,242.18186950683594,7787751468,1594598400
2020-07-14,240.21148681640625,242.0037841796875,237.7961883544922,239.97561645507812,7357458555,1594684800
2020-07-15,238.42352294921875,241.40269470214844,237.09617614746094,240.14364624023438,6189328448,1594771200
2020-07-16,233.64088439941406,239.00625610351562,231.6211700439453,238.45091247558594,5832057567,1594857600
2020-07-17,232.77308654785156,234.41506958007812,232.10997009277344,233.69139099121094,5859850529,1594944000
2020-07-18,235.4838104248047,236.54397583007812,232.32489013671875,232.85568237304688,5397402117,1595030400
2020-07-19,238.48751831054688,239.1606903076172,233.2797393798828,235.4582977294922,6251377305,1595116800
2020-07-20,236.15316772460938,239.5762481689453,234.85264587402344,238.494873046875,5600686192,1595203200
2020-07-21,245.0167236328125,246.18626403808594,235.68096923828125,236.30250549316406,6806696015,1595289600
2020-07-22,262.1906433105469,262.98504638671875,242.48434448242188,245.03726196289062,7702077383,1595376000
2020-07-23,274.6890563964844,277.5834655761719,261.0470886230469,262.3886413574219,10281309262,1595462400
2020-07-24,279.2154235839844,286.1928405761719,269.2397766113281,274.7226867675781,9466060358,1595548800
2020-07-25,304.0567626953125,306.7409973144531,279.0263671875,279.0263671875,10785021813,1595635200
2020-07-26,309.64361572265625,316.3863220214844,300.267822265625,303.6923828125,12003973026,1595721600
2020-07-27,321.51409912109375,330.7012023925781,309.6579284667969,309.6579284667969,15644257058,1595808000
2020-07-28,316.6572570800781,325.9059753417969,307.7213439941406,321.8297424316406,12357108065,1595894400
2020-07-29,318.1908874511719,324.38079833984375,313.1095886230469,316.55535888671875,10878845706,1595980800
2020-07-30,334.5866394042969,338.6311950683594,315.7510986328125,318.1449890136719,11827689045,1596067200
2020-07-31,345.5546569824219,348.6113586425781,329.3409423828125,334.63372802734375,12030600492,1596153600
2020-08-01,385.19970703125,388.84796142578125,343.5874328613281,345.7986145019531,14045259477,1596240000
2020-08-02,370.6717224121094,411.2283020019531,357.1436462402344,385.54986572265625,18909744275,1596326400
2020-08-03,386.295166015625,396.5069885253906,369.3363342285156,371.13385009765625,12834648062,1596412800
2020-08-04,389.87548828125,400.70062255859375,382.985107421875,386.1564636230469,14086704221,1596499200
2020-08-05,401.590576171875,406.303955078125,386.2184753417969,389.7108154296875,12875466638,1596585600
2020-08-06,394.9619445800781,403.4886779785156,392.6001892089844,401.5838623046875,11304626458,1596672000
2020-08-07,379.5128479003906,398.2490234375,367.9355163574219,395.22686767578125,12751687084,1596758400
2020-08-08,393.98736572265625,393.98736572265625,377.3497314453125,379.55157470703125,9342060531,1596844800
2020-08-09,391.1204528808594,399.7370910644531,385.8307189941406,395.30523681640625,9451065592,1596931200
2020-08-10,395.8875732421875,399.3759460449219,391.04150390625,391.04150390625,11685827893,1597017600
2020-08-11,380.3840637207031,398.4789123535156,370.8606262207031,395.89471435546875,12792218737,1597104000
2020-08-12,391.024169921875,391.31231689453125,367.9236145019531,380.0638122558594,12408772745,1597190400
2020-08-13,428.7417907714844,432.90460205078125,379.71087646484375,390.8381042480469,18480303526,1597276800
2020-08-14,437.3978271484375,444.5777587890625,423.3458557128906,428.6772766113281,15064589987,1597363200
2020-08-15,433.35491943359375,441.7546081542969,429.8746032714844,437.56298828125,12416067894,1597449600
2020-08-16,433.78662109375,436.2658386230469,415.08624267578125,433.3505859375,12168816874,1597536000
2020-08-17,429.53125,442.7349853515625,422.64727783203125,433.9737548828125,13227089410,1597622400
2020-08-18,423.6693115234375,432.5802917480469,419.6741027832031,429.66961669921875,11978984079,1597708800
2020-08-19,406.4637756347656,427.024658203125,396.6783447265625,423.73858642578125,13137391167,1597795200
2020-08-20,416.4397888183594,418.73443603515625,404.0260925292969,406.7589111328125,10043032427,1597881600
2020-08-21,389.1263427734375,418.6379699707031,387.4411315917969,416.1487731933594,11781796374,1597968000
2020-08-22,395.83514404296875,396.4665832519531,382.81463623046875,389.0310974121094,10131847985,1598054400
2020-08-23,391.3844909667969,396.49041748046875,385.039794921875,395.5628356933594,8137303970,1598140800
2020-08-24,408.1441955566406,409.3885803222656,389.3146057128906,391.6789855957031,10328860398,1598227200
2020-08-25,384.00103759765625,408.5279235839844,374.3553771972656,408.0716857910156,12428442042,1598313600
2020-08-26,386.46612548828125,391.8732604980469,378.7058410644531,383.9774475097656,9967343483,1598400000
2020-08-27,382.63262939453125,395.34918212890625,374.8664855957031,386.60986328125,10457777652,1598486400
2020-08-28,395.8746643066406,397.75762939453125,381.2738342285156,382.62957763671875,9120674421,1598572800
2020-08-29,399.9214782714844,405.6163635253906,393.03741455078125,395.6875915527344,8777703481,1598659200
2020-08-30,428.3957214355469,428.6639709472656,399.6083679199219,399.61669921875,11211948040,1598745600
2020-08-31,435.0797424316406,438.5603332519531,419.7701721191406,428.5090026855469,12774741797,1598832000
2020-09-01,477.0519104003906,487.2118835449219,432.0791931152344,434.87445068359375,18862763756,1598918400
2020-09-02,440.0404968261719,480.33099365234375,424.46002197265625,477.00787353515625,19691854014,1599004800
2020-09-03,385.67193603515625,449.532470703125,381.12969970703125,440.239990234375,19622845896,1599091200
2020-09-04,388.24114990234375,402.4117431640625,371.6366882324219,384.671630859375,16747106257,1599177600
2020-09-05,335.26007080078125,394.1722717285156,316.77435302734375,388.03839111328125,29880047640,1599264000
2020-09-06,353.3622741699219,359.7640380859375,319.0419006347656,335.3345642089844,27643678917,1599350400
2020-09-07,352.6734924316406,358.2118835449219,326.2543640136719,353.45025634765625,21763614732,1599436800
2020-09-08,337.60211181640625,355.5628662109375,328.8167724609375,353.2022705078125,17991403432,1599523200
2020-09-09,351.1100158691406,359.16448974609375,332.1650085449219,337.8249206542969,14547933520,1599609600
2020-09-10,368.1018981933594,377.3935852050781,351.11175537109375,351.4293212890625,31421134556,1599696000
2020-09-11,374.6955871582031,376.6304016113281,355.58258056640625,368.1184997558594,27296269329,1599782400
2020-09-12,387.18310546875,387.5384521484375,367.8421936035156,374.59539794921875,13295405814,1599868800
2020-09-13,365.57000732421875,388.9598083496094,354.3401794433594,387.519287109375,15005899191,1599955200
2020-09-14,377.26885986328125,384.4851989746094,357.56976318359375,365.6995849609375,17536695361,1600041600
2020-09-15,364.8392028808594,381.50830078125,363.6068115234375,377.1540222167969,16140584321,1600128000
2020-09-16,365.8122863769531,372.7674255371094,356.6827392578125,364.7439880371094,16107612177,1600214400
2020-09-17,389.01922607421875,393.901611328125,364.7951354980469,365.86578369140625,19899531080,1600300800
2020-09-18,384.3645324707031,391.9041442871094,376.9649963378906,389.3374938964844,14108357740,1600387200
2020-09-19,385.54437255859375,387.07635498046875,378.72406005859375,384.0416564941406,11049507684,1600473600
2020-09-20,371.0528259277344,385.5979919433594,367.0943603515625,385.5979919433594,12292195784,1600560000
2020-09-21,341.78607177734375,375.7370300292969,336.0689697265625,371.400146484375,17398267133,1600646400
2020-09-22,344.503173828125,346.600830078125,336.85504150390625,341.72381591796875,12732578043,1600732800
2020-09-23,321.1163024902344,344.67138671875,318.9692077636719,344.58990478515625,12899346599,1600819200
2020-09-24,349.3555908203125,351.46148681640625,318.54510498046875,320.9850158691406,15714304470,1600905600
2020-09-25,352.1832580566406,357.7727355957031,339.01593017578125,349.41143798828125,14381086966,1600992000
2020-09-26,355.48809814453125,355.8547668457031,348.10711669921875,352.35089111328125,13049148579,1601078400
2020-09-27,357.4385070800781,361.9844055175781,349.8340759277344,354.95989990234375,13598126926,1601164800
2020-09-28,355.159423828125,366.4321594238281,354.5476379394531,357.9259338378906,14258455166,1601251200
2020-09-29,359.75738525390625,360.3533630371094,352.1468505859375,354.3630065917969,11600013236,1601337600
2020-09-30,359.9378662109375,361.17877197265625,353.32794189453125,360.03851318359375,11818610610,1601424000
2020-10-01,353.2059020996094,369.264404296875,346.47705078125,360.30914306640625,14679481911,1601510400
2020-10-02,346.2389221191406,354.11541748046875,336.4671630859375,352.9496765136719,14215390463,1601596800
2020-10-03,346.5220947265625,351.3077087402344,344.66656494140625,346.2186279296875,10060167889,1601683200
2020-10-04,352.5790100097656,354.0457458496094,345.1310119628906,346.60223388671875,10696959020,1601769600
2020-10-05,353.956787109375,355.2140808105469,349.6799011230469,352.73681640625,11809507622,1601856000
2020-10-06,340.81585693359375,354.989013671875,338.0032958984375,353.95648193359375,12830796112,1601942400
2020-10-07,341.80865478515625,342.4508361816406,334.5455627441406,340.9430847167969,11929918060,1602028800
2020-10-08,350.7661437988281,352.21148681640625,335.6474914550781,342.0446472167969,13461017711,1602115200
2020-10-09,365.5904846191406,368.3103332519531,348.2058410644531,351.1128845214844,13043501763,1602201600
2020-10-10,370.96759033203125,378.26715087890625,365.3540344238281,365.4024658203125,13618484324,1602288000
2020-10-11,375.1420593261719,377.2467956542969,369.8280334472656,370.9284362792969,12584512533,1602374400
2020-10-12,387.73126220703125,395.1221618652344,366.642333984375,374.7987365722656,15867455424,1602460800
2020-10-13,381.1907653808594,387.37567138671875,375.58245849609375,387.1429443359375,14226744838,1602547200
2020-10-14,379.4840393066406,387.2961730957031,374.1750183105469,381.9714660644531,13918846567,1602633600
2020-10-15,377.44183349609375,381.2087707519531,371.3541259765625,379.1922302246094,14964182545,1602720000
2020-10-16,366.22900390625,380.0215148925781,362.597412109375,377.8684997558594,14670784817,1602806400
2020-10-17,368.8559265136719,369.76812744140625,364.489013671875,366.0157165527344,10951115359,1602892800
2020-10-18,378.21368408203125,378.59765625,368.129150390625,368.7275390625,11047103109,1602979200
2020-10-19,379.93560791015625,383.3176574707031,373.7022705078125,378.4696350097656,12811242092,1603065600
2020-10-20,369.13690185546875,380.7610168457031,367.60107421875,379.7196960449219,13741586582,1603152000
2020-10-21,392.1899719238281,400.62725830078125,368.72796630859375,369.0594177246094,20241324322,1603238400
2020-10-22,413.7729797363281,420.14166259765625,391.27630615234375,391.4886169433594,15772846485,1603324800
2020-10-23,409.7666931152344,418.9599304199219,403.08203125,414.05133056640625,14256222052,1603411200
2020-10-24,412.4576110839844,416.59967041015625,407.8517150878906,409.7672424316406,12201739194,1603497600
2020-10-25,406.2177734375,417.1592102050781,405.35064697265625,412.4576416015625,10890207469,1603584000
2020-10-26,393.8883056640625,411.2798767089844,383.78289794921875,406.2179870605469,15155684229,1603670400
2020-10-27,403.9970397949219,409.7728576660156,390.60845947265625,393.88818359375,13940434102,1603756800
2020-10-28,388.6507568359375,408.9647521972656,381.1463317871094,403.9971008300781,15276441134,1603843200
2020-10-29,386.7301025390625,393.2276916503906,381.28875732421875,388.65106201171875,12920477749,1603929600
2020-10-30,382.8199768066406,391.4647216796875,375.0924072265625,386.7302551269531,13688056970,1604016000
2020-10-31,386.59033203125,393.0101318359375,381.2952575683594,382.8200378417969,11276963426,1604102400
2020-11-01,396.3581848144531,397.1161193847656,385.16552734375,386.59033203125,10475146018,1604188800
2020-11-02,383.15673828125,403.2407531738281,381.01763916015625,396.3559875488281,13997574252,1604275200
2020-11-03,387.6021728515625,389.515380859375,371.312744140625,383.1560363769531,12588494762,1604361600
2020-11-04,402.1419982910156,407.6656494140625,377.8276062011719,387.60321044921875,15126077675,1604448000
2020-11-05,414.0673522949219,417.52593994140625,397.2458190917969,402.1429443359375,15440711038,1604534400
2020-11-06,454.71929931640625,456.20062255859375,412.9822998046875,414.06671142578125,16738305610,1604620800
2020-11-07,435.713134765625,465.67547607421875,428.45635986328125,454.7225646972656,18873289788,1604707200
2020-11-08,453.5547790527344,457.78045654296875,433.1537780761719,435.71881103515625,11292383601,1604793600
2020-11-09,444.1630554199219,457.349609375,435.16387939453125,453.57415771484375,13704320630,1604880000
2020-11-10,449.67962646484375,453.75836181640625,439.6001281738281,444.1663818359375,12090381666,1604966400
2020-11-11,462.9605407714844,473.578857421875,449.5249328613281,449.6796569824219,14075403511,1605052800
2020-11-12,461.0052795410156,467.6778259277344,452.0724182128906,462.95953369140625,12877327234,1605139200
2020-11-13,474.6264343261719,475.2172546386719,457.2982482910156,461.0054931640625,13191505725,1605225600
2020-11-14,460.14984130859375,475.16143798828125,452.986083984375,474.6264343261719,10312037942,1605312000
2020-11-15,447.55908203125,460.99407958984375,440.25433349609375,460.14990234375,10308617165,1605398400
2020-11-16,459.9403076171875,463.8310241699219,445.5016174316406,447.5589904785156,11441239444,1605484800
2020-11-17,480.3600769042969,482.2322082519531,460.776611328125,464.4066467285156,14593057877,1605571200
2020-11-18,479.48406982421875,491.9999084472656,465.8309631347656,480.3468322753906,17880199224,1605657600
2020-11-19,471.63043212890625,480.1217346191406,465.7042541503906,479.48101806640625,12473929218,1605744000
2020-11-20,509.74456787109375,513.6103515625,471.6314697265625,471.6314697265625,18629943296,1605830400
2020-11-21,549.4866333007812,550.2274169921875,504.2377624511719,509.7445983886719,20757099184,1605916800
2020-11-22,558.068115234375,579.3724975585938,514.5172119140625,549.4866333007812,21967049601,1606003200
2020-11-23,608.4540405273438,609.9876098632812,551.2652587890625,558.0595092773438,27272302872,1606089600
2020-11-24,603.8977661132812,621.1734008789062,593.8351440429688,608.5227661132812,23281758100,1606176000
2020-11-25,570.6866455078125,605.0941772460938,559.67138671875,603.9020385742188,20088492893,1606262400
2020-11-26,518.8011474609375,575.6414794921875,485.497314453125,570.514892578125,31104004592,1606348800
2020-11-27,517.4937133789062,530.7771606445312,497.24261474609375,519.1080932617188,16831105703,1606435200
2020-11-28,538.2297973632812,548.0448608398438,508.1253662109375,517.5973510742188,14770243833,1606521600
2020-11-29,575.758056640625,576.6024169921875,531.987548828125,538.2645874023438,15017517758,1606608000
2020-11-30,614.842529296875,615.2405395507812,571.5377807617188,575.757080078125,20276867833,1606694400
2020-12-01,587.3241577148438,635.1605834960938,571.7539672851562,615.0703125,27178964465,1606780800
2020-12-02,598.3523559570312,604.0224609375,578.7410278320312,587.2615966796875,16883292129,1606867200
2020-12-03,616.708740234375,622.4526977539062,588.3463745117188,598.459228515625,16146190946,1606953600
2020-12-04,569.3541870117188,618.983154296875,569.2835083007812,616.7227783203125,16337589997,1607040000
2020-12-05,596.595458984375,596.595458984375,563.1066284179688,569.34765625,13498010566,1607126400
2020-12-06,601.9089965820312,606.7919311523438,584.4117431640625,596.5686645507812,11290893016,1607212800
2020-12-07,591.8433837890625,602.9179077148438,585.4286499023438,601.797119140625,10720480962,1607299200
2020-12-08,554.8277587890625,594.7515869140625,552.46923828125,591.9008178710938,14398919320,1607385600
2020-12-09,573.4791259765625,577.2883911132812,532.9984130859375,554.7929077148438,15855915840,1607472000
2020-12-10,559.6785278320312,574.6001586914062,549.7840576171875,573.5040283203125,11672582040,1607558400
2020-12-11,545.79736328125,560.376708984375,537.8116455078125,559.67919921875,11098819124,1607644800
2020-12-12,568.5673217773438,573.3394165039062,545.24560546875,545.5785522460938,8534557897,1607731200
2020-12-13,589.6632080078125,593.78125,564.5659790039062,568.60986328125,9070377862,1607817600
2020-12-14,586.0111694335938,590.4929809570312,577.118408203125,589.782470703125,8125837102,1607904000
2020-12-15,589.3555908203125,596.2477416992188,580.6287841796875,586.0217895507812,9326645840,1607990400
2020-12-16,636.1818237304688,636.6403198242188,582.0391235351562,589.378662109375,15817248373,1608076800
2020-12-17,642.8689575195312,673.834228515625,628.7493896484375,636.1541748046875,25479532147,1608163200
2020-12-18,654.8119506835938,662.6990966796875,632.3560791015625,642.9169921875,15756303983,1608249600
2020-12-19,659.2979125976562,668.7695922851562,646.6162109375,654.6242065429688,12830893778,1608336000
2020-12-20,638.2908325195312,659.9237060546875,625.0144653320312,659.18505859375,13375855442,1608422400
2020-12-21,609.81787109375,646.8465576171875,600.8360595703125,638.315185546875,14419493621,1608508800
2020-12-22,634.8541870117188,635.0765991210938,589.552001953125,609.4205322265625,14745890080,1608595200
2020-12-23,583.714599609375,637.122802734375,560.3642578125,634.8245849609375,15261413038,1608681600
2020-12-24,611.607177734375,613.815185546875,568.5963745117188,584.1356201171875,14317413703,1608768000
2020-12-25,626.4107055664062,633.0614013671875,605.4244384765625,611.5545654296875,13520927700,1608854400
2020-12-26,635.8358154296875,650.721435546875,617.402099609375,626.498046875,14761125202,1608940800
2020-12-27,682.642333984375,711.3935546875,628.3349609375,635.8871459960938,26093552821,1609027200
2020-12-28,730.3973388671875,745.8777465820312,683.205810546875,683.205810546875,24222565862,1609113600
2020-12-29,731.5201416015625,737.952880859375,692.1494140625,730.3587036132812,18710683199,1609200000
2020-12-30,751.6189575195312,754.30322265625,720.9888916015625,731.4728393554688,17294574210,1609286400
2020-12-31,737.8034057617188,754.2994384765625,726.5119018554688,751.6266479492188,13926846861,1609372800
2021-01-01,730.3675537109375,749.2018432617188,719.792236328125,737.7083740234375,13652004358,1609459200
2021-01-02,774.5349731445312,786.7984619140625,718.1094970703125,730.4026489257812,19740771179,1609545600
2021-01-03,975.5076904296875,1006.5650024414062,771.5616455078125,774.5118408203125,45200463368,1609632000
2021-01-04,1040.2330322265625,1153.189208984375,912.3053588867188,977.058837890625,56945985763,1609718400
2021-01-05,1100.006103515625,1129.3714599609375,986.811279296875,1041.498779296875,41535932781,1609804800
2021-01-06,1207.1121826171875,1209.4285888671875,1064.2333984375,1101.0050048828125,44699914188,1609891200
2021-01-07,1225.6781005859375,1282.57958984375,1167.443115234375,1208.078369140625,40468027280,1609977600
2021-01-08,1224.1971435546875,1273.8275146484375,1076.08154296875,1225.9678955078125,44334826666,1610064000
2021-01-09,1281.0772705078125,1303.871826171875,1182.2703857421875,1223.740478515625,33233105361,1610150400
2021-01-10,1262.2467041015625,1347.9261474609375,1194.715576171875,1280.87109375,40616938053,1610236800
2021-01-11,1090.1453857421875,1261.6229248046875,924.922607421875,1261.6229248046875,60733630300,1610323200
2021-01-12,1043.4345703125,1149.240234375,1012.76416015625,1088.5267333984375,37494601692,1610409600
2021-01-13,1130.7393798828125,1134.3385009765625,994.549072265625,1043.740966796875,30109792795,1610496000
2021-01-14,1218.4530029296875,1244.1630859375,1093.060791015625,1130.231201171875,33410915929,1610582400
2021-01-15,1171.8345947265625,1250.505859375,1090.7210693359375,1221.877197265625,35972039310,1610668800
2021-01-16,1233.53759765625,1290.0535888671875,1157.623779296875,1171.443115234375,32319240157,1610755200
2021-01-17,1230.1722412109375,1265.6446533203125,1174.3885498046875,1233.453369140625,29258032819,1610841600
2021-01-18,1257.279541015625,1259.4500732421875,1187.31103515625,1230.313232421875,25817455560,1610928000
2021-01-19,1377.2958984375,1432.300048828125,1254.52294921875,1257.4345703125,47195935190,1611014400
2021-01-20,1382.2740478515625,1405.744140625,1243.2999267578125,1375.2484130859375,46784030909,1611100800
2021-01-21,1121.5709228515625,1382.6844482421875,1098.4761962890625,1382.6844482421875,45932464754,1611187200
2021-01-22,1236.51220703125,1271.6876220703125,1046.5965576171875,1118.8890380859375,43918338506,1611273600
2021-01-23,1230.9906005859375,1272.151123046875,1200.893310546875,1235.2679443359375,27253895441,1611360000
2021-01-24,1391.609375,1395.111328125,1225.2740478515625,1231.2105712890625,36418163554,1611446400
2021-01-25,1324.414794921875,1467.784912109375,1304.9739990234375,1390.639892578125,43565777745,1611532800
2021-01-26,1357.05810546875,1376.0850830078125,1253.34033203125,1323.74169921875,41572917750,1611619200
2021-01-27,1253.1871337890625,1368.0740966796875,1215.311279296875,1358.3333740234375,39394416990,1611705600
2021-01-28,1332.4921875,1356.2886962890625,1226.1739501953125,1251.27978515625,34637234789,1611792000
2021-01-29,1382.5228271484375,1428.981201171875,1292.2401123046875,1369.0867919921875,53611955259,1611878400
2021-01-30,1376.115478515625,1402.3997802734375,1328.529052734375,1382.23193359375,30616574234,1611964800
2021-01-31,1314.9862060546875,1378.916015625,1288.5015869140625,1376.8236083984375,25198853581,1612051200
2021-02-01,1369.04052734375,1373.8458251953125,1274.3577880859375,1314.855224609375,29210670920,1612137600
2021-02-02,1515.1937255859375,1542.990966796875,1362.771240234375,1369.505126953125,45437142801,1612224000
2021-02-03,1660.9095458984375,1660.9095458984375,1510.01025390625,1514.7696533203125,41874566399,1612310400
2021-02-04,1594.7626953125,1689.1866455078125,1561.853515625,1661.170166015625,44396871836,1612396800
2021-02-05,1718.65087890625,1756.510986328125,1594.7933349609375,1594.7933349609375,40108628454,1612483200
2021-02-06,1677.8468017578125,1738.314453125,1649.0687255859375,1717.7974853515625,39873420648,1612569600
2021-02-07,1614.227783203125,1690.03662109375,1501.750244140625,1677.605712890625,39889440151,1612656000
2021-02-08,1746.6168212890625,1770.5908203125,1571.5799560546875,1613.6422119140625,48012285956,1612742400
2021-02-09,1768.0350341796875,1815.963623046875,1711.62060546875,1746.9261474609375,44180727529,1612828800
2021-02-10,1744.243408203125,1826.69677734375,1686.5423583984375,1768.039794921875,41916084617,1612915200
2021-02-11,1783.7979736328125,1806.5390625,1708.67919921875,1743.7142333984375,36021495262,1613001600
2021-02-12,1843.5325927734375,1861.35693359375,1744.1689453125,1783.4891357421875,37905036865,1613088000
2021-02-13,1814.10986328125,1871.603515625,1770.612060546875,1843.98681640625,35359490535,1613174400
2021-02-14,1805.0841064453125,1848.154052734375,1789.9141845703125,1814.372314453125,31439114900,1613260800
2021-02-15,1779.791015625,1833.83056640625,1683.9066162109375,1804.6767578125,38955610883,1613347200
2021-02-16,1781.0675048828125,1824.5186767578125,1729.6419677734375,1778.945556640625,34269369268,1613433600
2021-02-17,1848.458251953125,1853.6676025390625,1736.705810546875,1781.35009765625,35955412703,1613520000
2021-02-18,1937.44921875,1949.9034423828125,1848.206298828125,1848.206298828125,28255902969,1613606400
2021-02-19,1960.164794921875,1969.5469970703125,1896.6844482421875,1938.85986328125,26268814253,1613692800
2021-02-20,1919.5340576171875,2036.2864990234375,1830.531494140625,1959.9029541015625,34696091102,1613779200
2021-02-21,1935.60107421875,1974.2596435546875,1890.3681640625,1918.673095703125,23626547717,1613865600
2021-02-22,1781.992919921875,1936.4537353515625,1580.6265869140625,1935.557861328125,42409646036,1613952000
2021-02-23,1570.2039794921875,1781.4090576171875,1378.8409423828125,1781.4090576171875,52029864713,1614038400
2021-02-24,1626.57568359375,1710.9837646484375,1511.0189208984375,1571.4764404296875,31329000537,1614124800
2021-02-25,1475.7037353515625,1670.22412109375,1465.0589599609375,1625.3939208984375,24481681873,1614211200
2021-02-26,1446.03369140625,1559.0289306640625,1407.979248046875,1478.6533203125,31435997881,1614297600
2021-02-27,1459.97314453125,1524.932373046875,1433.7869873046875,1446.929443359375,20742103233,1614384000
2021-02-28,1416.0489501953125,1468.3914794921875,1300.47216796875,1459.8604736328125,27637026080,1614470400
2021-03-01,1564.7076416015625,1567.694580078125,1416.4161376953125,1417.151123046875,24032838645,1614556800
2021-03-02,1492.6087646484375,1597.610107421875,1461.325439453125,1564.0634765625,22523669722,1614643200
2021-03-03,1575.8531494140625,1650.360595703125,1481.90576171875,1491.451171875,22674780680,1614729600
2021-03-04,1541.914306640625,1622.953857421875,1511.1033935546875,1574.623779296875,22906118718,1614816000
2021-03-05,1533.2750244140625,1547.878173828125,1450.891357421875,1541.541748046875,21067146937,1614902400
2021-03-06,1654.7415771484375,1669.1065673828125,1519.14111328125,1532.372802734375,22746262366,1614988800
2021-03-07,1723.15380859375,1730.9241943359375,1636.564453125,1655.3924560546875,23809935410,1615075200
2021-03-08,1834.7279052734375,1835.192138671875,1670.9420166015625,1724.229248046875,27630991158,1615161600
2021-03-09,1868.048828125,1868.048828125,1804.266357421875,1835.1480712890625,23461244507,1615248000
2021-03-10,1799.166259765625,1873.80322265625,1766.490478515625,1868.489013671875,25154173185,1615334400
2021-03-11,1826.1949462890625,1843.81884765625,1734.6170654296875,1798.033935546875,24013132909,1615420800
2021-03-12,1772.1024169921875,1839.497314453125,1728.98095703125,1826.5467529296875,22435821312,1615507200
2021-03-13,1924.6854248046875,1937.6455078125,1733.639892578125,1772.1663818359375,25014689475,1615593600
2021-03-14,1854.5643310546875,1930.77978515625,1845.1199951171875,1923.86376953125,19344589211,1615680000
2021-03-15,1791.7022705078125,1889.1966552734375,1749.6063232421875,1854.086669921875,26244738810,1615766400
2021-03-16,1806.9718017578125,1817.0601806640625,1720.05322265625,1792.413818359375,23828509590,1615852800
2021-03-17,1823.4493408203125,1839.8189697265625,1749.179931640625,1807.05615234375,24512917348,1615939200
2021-03-18,1782.8551025390625,1848.6461181640625,1705.716064453125,1823.158447265625,23263845504,1616025600
2021-03-19,1817.6241455078125,1841.196044921875,1746.473388671875,1782.5687255859375,21249297710,1616112000
2021-03-20,1812.6346435546875,1874.708984375,1811.7286376953125,1817.522705078125,22677674970,1616198400
2021-03-21,1788.217041015625,1823.35302734375,1764.1392822265625,1812.6065673828125,22977404620,1616284800
2021-03-22,1691.333984375,1811.96826171875,1674.2998046875,1788.3621826171875,23599296129,1616371200
2021-03-23,1678.650146484375,1725.1087646484375,1662.5399169921875,1690.871826171875,21998237965,1616457600
2021-03-24,1593.4134521484375,1740.42822265625,1570.7879638671875,1678.0025634765625,31228051473,1616544000
2021-03-25,1595.3592529296875,1625.9114990234375,1560.3704833984375,1593.123291015625,29650328701,1616630400
2021-03-26,1702.842041015625,1702.9228515625,1594.7366943359375,1595.2100830078125,22548516548,1616716800
2021-03-27,1716.49462890625,1732.8243408203125,1674.3193359375,1703.0361328125,18102277710,1616803200
2021-03-28,1691.35595703125,1728.5841064453125,1672.660400390625,1716.4056396484375,16599472938,1616889600
2021-03-29,1819.6849365234375,1837.18798828125,1683.716552734375,1691.26318359375,22796570548,1616976000
2021-03-30,1846.03369140625,1860.9747314453125,1793.92236328125,1819.46630859375,22512781703,1617062400
2021-03-31,1918.362060546875,1947.8377685546875,1793.002197265625,1846.0982666015625,30226902621,1617148800
2021-04-01,1977.27685546875,1989.0550537109375,1912.178466796875,1919.1572265625,30914259795,1617235200
2021-04-02,2143.2255859375,2152.451904296875,1960.6787109375,1976.9327392578125,34862511022,1617321600
2021-04-03,2028.4224853515625,2144.96240234375,2028.4224853515625,2142.89599609375,32011518871,1617408000
2021-04-04,2093.122802734375,2110.353515625,2007.11181640625,2027.6712646484375,26006501902,1617494400
2021-04-05,2107.88720703125,2140.9853515625,2032.3876953125,2093.2607421875,28889391170,1617580800
2021-04-06,2118.37890625,2151.223388671875,2057.609130859375,2109.4931640625,29222865881,1617667200
2021-04-07,1971.0772705078125,2133.1875,1945.442138671875,2117.728515625,36116271935,1617753600
2021-04-08,2088.57373046875,2091.516357421875,1959.0794677734375,1969.1331787109375,25312956529,1617840000
2021-04-09,2072.10888671875,2102.873779296875,2055.163330078125,2088.772216796875,19812472092,1617926400
2021-04-10,2135.942138671875,2196.996337890625,2062.78759765625,2071.111572265625,24986243611,1618012800
2021-04-11,2157.656982421875,2165.19140625,2119.86572265625,2136.156982421875,19692836132,1618099200
2021-04-12,2139.353271484375,2199.71875,2110.368896484375,2157.36181640625,21727936609,1618185600
2021-04-13,2299.187744140625,2318.42333984375,2138.5595703125,2139.3642578125,29456642939,1618272000
2021-04-14,2435.10498046875,2449.6875,2284.563720703125,2299.347900390625,35592822986,1618358400
2021-04-15,2519.1162109375,2544.267333984375,2409.924072265625,2436.03466796875,32325606817,1618444800
2021-04-16,2431.946533203125,2547.5556640625,2318.675048828125,2516.601806640625,36196928256,1618531200
2021-04-17,2344.89501953125,2497.38525390625,2333.682861328125,2429.98095703125,32349808978,1618617600
2021-04-18,2237.136962890625,2365.46044921875,2011.766845703125,2346.452392578125,50696368718,1618704000
2021-04-19,2166.188720703125,2276.77685546875,2086.688720703125,2238.03271484375,34060654971,1618790400
2021-04-20,2330.2109375,2345.8349609375,2060.143798828125,2161.939453125,39433483315,1618876800
2021-04-21,2364.751708984375,2467.20068359375,2238.366943359375,2331.16015625,38899067643,1618963200
2021-04-22,2403.53515625,2641.094970703125,2315.960205078125,2357.87109375,53575904724,1619049600
2021-04-23,2363.586181640625,2439.537109375,2117.03955078125,2401.25634765625,55413933925,1619136000
2021-04-24,2211.625732421875,2367.740966796875,2163.693115234375,2367.19921875,31854226936,1619222400
2021-04-25,2316.0595703125,2354.086669921875,2172.51513671875,2214.413818359375,31814355546,1619308800
2021-04-26,2534.481689453125,2536.33740234375,2308.315185546875,2319.47802734375,35208325408,1619395200
2021-04-27,2662.865234375,2676.392822265625,2485.375,2534.03125,32275969215,1619481600
2021-04-28,2746.380126953125,2757.477294921875,2564.08154296875,2664.685546875,34269031076,1619568000
2021-04-29,2756.876953125,2797.972412109375,2672.106689453125,2748.649658203125,32578127990,1619654400
2021-04-30,2773.20703125,2796.054931640625,2728.169921875,2757.734130859375,29777179889,1619740800
2021-05-01,2945.892822265625,2951.44091796875,2755.908447265625,2772.83837890625,28726205272,1619827200
2021-05-02,2952.05615234375,2984.891845703125,2860.526123046875,2945.56005859375,28032013047,1619913600
2021-05-03,3431.086181640625,3450.037841796875,2951.17578125,2951.17578125,49174290212,1620000000
2021-05-04,3253.62939453125,3523.5859375,3180.74267578125,3431.131591796875,62402045158,1620086400
2021-05-05,3522.783203125,3541.462646484375,3213.1015625,3240.5546875,48334198383,1620172800
2021-05-06,3490.88037109375,3598.89599609375,3386.239990234375,3524.930908203125,44300394788,1620259200
2021-05-07,3484.72900390625,3573.2900390625,3370.261962890625,3490.105224609375,39607240515,1620345600
2021-05-08,3902.647705078125,3950.1650390625,3453.7685546875,3481.988037109375,50208491286,1620432000
2021-05-09,3928.8447265625,3981.259033203125,3743.989013671875,3911.463134765625,50568290278,1620518400
2021-05-10,3952.2939453125,4197.47314453125,3684.45166015625,3924.413330078125,62691789007,1620604800
2021-05-11,4168.701171875,4178.208984375,3783.889404296875,3948.27197265625,52679737865,1620691200
2021-05-12,3785.8486328125,4362.3505859375,3785.8486328125,4174.6357421875,69023382175,1620777600
2021-05-13,3715.1484375,4032.5634765625,3549.4072265625,3828.91845703125,78398214539,1620864000
2021-05-14,4079.057373046875,4171.01708984375,3703.39990234375,3720.122314453125,48174271215,1620950400
2021-05-15,3638.1220703125,4129.185546875,3638.1220703125,4075.95166015625,42422321751,1621036800
2021-05-16,3587.506103515625,3878.89599609375,3350.95166015625,3641.830810546875,47359478734,1621123200
2021-05-17,3282.397705078125,3587.765625,3129.0087890625,3581.343017578125,54061732774,1621209600
2021-05-18,3380.070068359375,3562.465087890625,3246.404052734375,3276.872314453125,40416525218,1621296000
2021-05-19,2460.67919921875,3437.935791015625,1952.460205078125,3382.6572265625,84482912776,1621382400
2021-05-20,2784.294189453125,2993.145263671875,2170.22900390625,2439.638671875,67610826680,1621468800
2021-05-21,2430.621337890625,2938.205078125,2113.34716796875,2772.34130859375,53774070802,1621555200
2021-05-22,2295.70556640625,2483.983154296875,2168.124267578125,2436.0146484375,42089937660,1621641600
2021-05-23,2109.579833984375,2384.41162109375,1737.46875,2298.3671875,56005721977,1621728000
2021-05-24,2643.591064453125,2672.595703125,2090.6396484375,2099.93603515625,53697121740,1621814400
2021-05-25,2706.62890625,2750.534912109375,2394.35546875,2649.033203125,49558333256,1621900800
2021-05-26,2888.69873046875,2911.735595703125,2652.094482421875,2707.052734375,42499766020,1621987200
2021-05-27,2736.488525390625,2888.75244140625,2642.60791015625,2888.75244140625,33373635283,1622073600
2021-05-28,2419.90625,2761.36328125,2336.361328125,2742.468994140625,39999114805,1622160000
2021-05-29,2279.51416015625,2566.9384765625,2208.490966796875,2414.067138671875,33773720220,1622246400
2021-05-30,2390.305419921875,2472.187744140625,2188.83447265625,2278.288818359375,25876619428,1622332800
2021-05-31,2714.9453125,2715.85498046875,2279.505126953125,2387.198486328125,31007383150,1622419200
2021-06-01,2633.518310546875,2739.737548828125,2531.16064453125,2707.560546875,27363223090,1622505600
2021-06-02,2706.125,2801.392333984375,2555.4013671875,2634.4560546875,27723267359,1622592000
2021-06-03,2855.12646484375,2891.2548828125,2667.684326171875,2708.376220703125,30038207402,1622678400
2021-06-04,2688.195068359375,2857.16552734375,2562.637451171875,2857.16552734375,34173841611,1622764800
2021-06-05,2630.576904296875,2817.48486328125,2558.233642578125,2691.619384765625,30496672724,1622851200
2021-06-06,2715.0927734375,2743.441162109375,2616.162353515625,2629.748779296875,25311639414,1622937600
2021-06-07,2590.26318359375,2845.18505859375,2583.9951171875,2713.04736328125,30600111277,1623024000
2021-06-08,2517.438720703125,2620.84619140625,2315.546630859375,2594.602294921875,41909736778,1623110400
2021-06-09,2608.26708984375,2625.070556640625,2412.19775390625,2510.19921875,36075832186,1623196800
2021-06-10,2471.5185546875,2619.957763671875,2435.401611328125,2611.142578125,28753626390,1623283200
2021-06-11,2353.768798828125,2495.414794921875,2326.86962890625,2472.85888671875,24832564195,1623369600
2021-06-12,2372.484375,2447.227783203125,2265.758056640625,2354.752197265625,25724364410,1623456000
2021-06-13,2508.3916015625,2547.367919921875,2312.64013671875,2372.690185546875,27092945370,1623542400
2021-06-14,2537.89111328125,2606.432861328125,2469.38818359375,2508.7705078125,26964576331,1623628800
2021-06-15,2610.936767578125,2639.229248046875,2515.153076171875,2587.7626953125,29005279219,1623715200
2021-06-16,2367.66357421875,2554.62890625,2354.3505859375,2544.86474609375,24101926180,1623801600
2021-06-17,2372.001953125,2457.175537109375,2312.301513671875,2367.306396484375,21871633186,1623888000
2021-06-18,2231.733154296875,2377.195068359375,2147.308349609375,2374.5869140625,22752818388,1623974400
2021-06-19,2178.4990234375,2278.4150390625,2168.885009765625,2235.1591796875,18765854896,1624060800
2021-06-20,2246.364501953125,2275.3828125,2049.962646484375,2171.337890625,22535930423,1624147200
2021-06-21,1888.447509765625,2259.464111328125,1867.1854248046875,2245.31787109375,33745173825,1624233600
2021-06-22,1874.9500732421875,1993.1597900390625,1707.6005859375,1886.6676025390625,35547251725,1624320000
2021-06-23,1989.736328125,2043.5303955078125,1827.571533203125,1878.625,28408659206,1624406400
2021-06-24,1988.456298828125,2032.33935546875,1887.4320068359375,1968.9573974609375,20272845769,1624492800
2021-06-25,1813.21728515625,2017.759521484375,1794.400390625,1989.2158203125,22774334998,1624579200
2021-06-26,1829.2392578125,1850.1798095703125,1719.5594482421875,1810.88427734375,20637542361,1624665600
2021-06-27,1978.8946533203125,1979.9581298828125,1811.245849609375,1830.9969482421875,19885474742,1624752000
2021-06-28,2079.657470703125,2139.805419921875,1963.615478515625,1981.386474609375,25514602841,1624838400
2021-06-29,2160.768310546875,2242.23876953125,2076.240234375,2083.44873046875,24815124419,1624924800
2021-06-30,2274.547607421875,2282.989013671875,2090.7607421875,2164.21630859375,25828056268,1625011200
2021-07-01,2113.60546875,2274.3974609375,2081.0810546875,2274.3974609375,29061701793,1625097600
2021-07-02,2150.040283203125,2155.596435546875,2021.8248291015625,2109.892578125,31796212554,1625184000
2021-07-03,2226.1142578125,2237.567138671875,2117.590087890625,2150.8349609375,17433361641,1625270400
2021-07-04,2321.72412109375,2384.286865234375,2190.837646484375,2226.55029296875,18787107473,1625356800
2021-07-05,2198.58251953125,2321.9228515625,2163.04150390625,2321.9228515625,20103794829,1625443200
2021-07-06,2324.679443359375,2346.294921875,2197.91943359375,2197.91943359375,20891861314,1625529600
2021-07-07,2315.161865234375,2403.7734375,2298.02685546875,2323.20849609375,22398345285,1625616000
2021-07-08,2120.0263671875,2324.0068359375,2089.414306640625,2317.94921875,23188123689,1625702400
2021-07-09,2146.6923828125,2185.376220703125,2051.066650390625,2115.573974609375,23029574602,1625788800
2021-07-10,2111.403564453125,2190.1240234375,2081.923583984375,2146.999755859375,17581542471,1625875200
2021-07-11,2139.664794921875,2172.6533203125,2083.8037109375,2110.875732421875,14705386138,1625961600
2021-07-12,2036.7210693359375,2167.710205078125,2011.0189208984375,2140.5068359375,17768129077,1626048000
2021-07-13,1940.083984375,2040.693603515625,1922.577880859375,2034.098388671875,16621628658,1626134400
2021-07-14,1994.331298828125,2015.107421875,1869.22314453125,1941.1678466796875,17342819679,1626220800
2021-07-15,1911.1756591796875,2037.7425537109375,1883.272216796875,1994.7120361328125,15688092552,1626307200
2021-07-16,1880.3829345703125,1959.6962890625,1853.59033203125,1916.598388671875,14884569147,1626393600
2021-07-17,1898.8251953125,1917.597900390625,1855.5908203125,1876.88134765625,13364282076,1626480000
2021-07-18,1895.5521240234375,1988.33642578125,1883.0125732421875,1900.1943359375,13791868728,1626566400
2021-07-19,1817.296630859375,1916.1180419921875,1807.909912109375,1893.0535888671875,14157735481,1626652800
2021-07-20,1787.5107421875,1836.998046875,1722.05078125,1819.08203125,17368597636,1626739200
2021-07-21,1990.9708251953125,2025.680419921875,1759.0233154296875,1786.2762451171875,21253359756,1626825600
2021-07-22,2025.2027587890625,2044.116455078125,1954.2978515625,1994.8228759765625,17495480331,1626912000
2021-07-23,2124.776611328125,2129.441162109375,2000.436279296875,2025.105712890625,16200392492,1626998400
2021-07-24,2189.21875,2197.6494140625,2107.323486328125,2123.961181640625,16057446601,1627084800
2021-07-25,2191.373779296875,2194.438232421875,2108.829833984375,2187.1455078125,14566483636,1627171200
2021-07-26,2233.36669921875,2428.817138671875,2177.32958984375,2191.309814453125,29614324233,1627257600
2021-07-27,2298.33349609375,2316.9501953125,2154.731201171875,2230.197021484375,23067480378,1627344000
2021-07-28,2296.54541015625,2341.77783203125,2250.9140625,2302.081298828125,18991302378,1627430400
2021-07-29,2380.956787109375,2396.451904296875,2273.40478515625,2299.011962890625,16313373113,1627516800
2021-07-30,2466.96142578125,2469.704833984375,2322.337158203125,2382.545166015625,20212848934,1627603200
2021-07-31,2536.2099609375,2551.1611328125,2423.816162109375,2461.57568359375,18001710283,1627689600
2021-08-01,2561.85205078125,2695.429443359375,2520.931884765625,2530.462890625,22697987055,1627776000
2021-08-02,2610.1533203125,2665.73095703125,2511.375244140625,2557.774658203125,22162754104,1627862400
2021-08-03,2502.349609375,2630.314208984375,2449.353515625,2609.4130859375,22696753413,1627948800
2021-08-04,2724.619873046875,2764.443603515625,2463.469482421875,2508.544921875,25038698173,1628035200
2021-08-05,2827.328857421875,2840.4306640625,2540.68408203125,2725.669677734375,31057928075,1628121600
2021-08-06,2890.941650390625,2944.9033203125,2727.792724609375,2827.50341796875,26528577879,1628208000
2021-08-07,3157.23876953125,3170.229736328125,2868.53564453125,2891.70751953125,33081467129,1628294400
2021-08-08,3013.732666015625,3184.60400390625,2951.747314453125,3161.232666015625,28433638008,1628380800
2021-08-09,3167.856201171875,3185.701171875,2900.926025390625,3012.8857421875,31983260936,1628467200
2021-08-10,3141.691162109375,3228.940673828125,3059.22900390625,3163.050048828125,27605221710,1628553600
2021-08-11,3164.2451171875,3269.20947265625,3122.91650390625,3142.830322265625,26729035052,1628640000
2021-08-12,3043.414306640625,3236.314697265625,2984.1669921875,3164.17578125,25403699845,1628726400
2021-08-13,3322.211669921875,3324.671630859375,3037.676025390625,3049.001220703125,23868866254,1628812800
2021-08-14,3265.443359375,3329.281005859375,3214.519775390625,3322.7626953125,19860862133,1628899200
2021-08-15,3310.504150390625,3320.084228515625,3117.791748046875,3266.276123046875,22166205051,1628985600
2021-08-16,3156.509521484375,3333.994873046875,3139.778564453125,3309.422119140625,23080039949,1629072000
2021-08-17,3014.845947265625,3288.812744140625,2996.46826171875,3149.38037109375,25509056745,1629158400
2021-08-18,3020.08984375,3124.97607421875,2959.0283203125,3011.963623046875,21539248425,1629244800
2021-08-19,3182.7021484375,3184.435546875,2963.150146484375,3019.126953125,19546290360,1629331200
2021-08-20,3286.935302734375,3298.24658203125,3178.103759765625,3182.16259765625,20885619828,1629417600
2021-08-21,3226.083984375,3307.3515625,3209.8662109375,3286.931640625,18113977628,1629504000
2021-08-22,3242.115478515625,3272.733154296875,3142.007080078125,3226.227294921875,15983278460,1629590400
2021-08-23,3319.25732421875,3373.38427734375,3235.851318359375,3241.357421875,20511110509,1629676800
2021-08-24,3172.456298828125,3358.688232421875,3154.121337890625,3324.85546875,20131028906,1629763200
2021-08-25,3224.915283203125,3248.727294921875,3086.114990234375,3174.269775390625,18902728235,1629849600
2021-08-26,3100.325439453125,3249.6552734375,3060.228759765625,3228.747314453125,17405668117,1629936000
2021-08-27,3270.600830078125,3281.840576171875,3064.485107421875,3096.406005859375,18489602004,1630022400
2021-08-28,3244.4033203125,3284.845947265625,3217.403564453125,3275.1044921875,13709633698,1630108800
2021-08-29,3227.002685546875,3283.235595703125,3158.84033203125,3246.77099609375,13296586731,1630195200
2021-08-30,3224.374267578125,3346.5810546875,3151.444580078125,3227.192626953125,19306924485,1630281600
2021-08-31,3433.732666015625,3466.9921875,3195.216552734375,3227.758056640625,27280502987,1630368000
2021-09-01,3834.828125,3836.867431640625,3387.408447265625,3430.762451171875,30070890104,1630454400
2021-09-02,3790.989990234375,3830.71142578125,3726.75048828125,3825.02783203125,24387397330,1630540800
2021-09-03,3940.61474609375,4022.46923828125,3712.67822265625,3787.486572265625,26207765094,1630627200
2021-09-04,3887.828369140625,3969.44873046875,3837.93115234375,3937.91015625,20806963328,1630713600
2021-09-05,3952.133544921875,3979.1865234375,3838.4873046875,3886.3310546875,18371468576,1630800000
2021-09-06,3928.37939453125,3968.426513671875,3868.994384765625,3951.520751953125,18674691198,1630886400
2021-09-07,3426.394287109375,3945.314208984375,3062.222412109375,3926.527587890625,39131346397,1630972800
2021-09-08,3497.315185546875,3559.121337890625,3224.764892578125,3428.378173828125,31738430771,1631059200
2021-09-09,3427.340087890625,3562.99267578125,3400.51708984375,3452.54833984375,24118055831,1631145600
2021-09-10,3211.505859375,3512.5712890625,3157.05908203125,3425.56494140625,22355974097,1631232000
2021-09-11,3270.278076171875,3346.5263671875,3208.9619140625,3209.030517578125,18627122934,1631318400
2021-09-12,3410.134521484375,3462.46826171875,3235.109375,3270.291748046875,16810411424,1631404800
2021-09-13,3285.51171875,3426.502197265625,3121.51416015625,3407.471923828125,22721552948,1631491200
2021-09-14,3429.169677734375,3429.169677734375,3273.630859375,3286.31640625,19125420848,1631577600
2021-09-15,3615.28271484375,3615.28271484375,3365.9130859375,3431.21728515625,17548551804,1631664000
2021-09-16,3571.294921875,3673.310791015625,3489.8056640625,3613.07373046875,20093903064,1631750400
2021-09-17,3398.538818359375,3589.30517578125,3356.449951171875,3569.568115234375,17722363229,1631836800
2021-09-18,3432.018310546875,3540.8076171875,3371.892333984375,3397.4228515625,15995220233,1631923200
2021-09-19,3329.447998046875,3448.322021484375,3286.17236328125,3433.287841796875,14257609743,1632009600
2021-09-20,2958.993408203125,3343.325439453125,2940.839111328125,3329.670654296875,27371684581,1632096000
2021-09-21,2764.43115234375,3101.697509765625,2676.407470703125,2977.310546875,30405062665,1632182400
2021-09-22,3077.867919921875,3089.0830078125,2741.440673828125,2763.209228515625,23742102645,1632268800
2021-09-23,3155.523681640625,3173.544677734375,3038.097900390625,3077.974365234375,18516291047,1632355200
2021-09-24,2931.669189453125,3159.64404296875,2747.337646484375,3154.56201171875,25595422789,1632441600
2021-09-25,2925.565673828125,2968.99462890625,2818.970458984375,2930.884765625,18932786754,1632528000
2021-09-26,3062.265380859375,3114.857421875,2744.5830078125,2926.343017578125,21172766310,1632614400
2021-09-27,2934.138916015625,3163.6650390625,2932.69287109375,3065.837890625,19164053681,1632700800
2021-09-28,2807.296630859375,2970.7705078125,2793.360595703125,2928.96337890625,16895079070,1632787200
2021-09-29,2853.143310546875,2946.88134765625,2786.98828125,2809.297607421875,15763456158,1632873600
2021-09-30,3001.678955078125,3046.51953125,2840.28955078125,2852.558837890625,17661065099,1632960000
2021-10-01,3307.51611328125,3329.853515625,2978.654296875,3001.12939453125,22307625573,1633046400
2021-10-02,3391.6943359375,3464.83740234375,3260.027587890625,3308.870361328125,19202671704,1633132800
2021-10-03,3418.358642578125,3484.605712890625,3348.1201171875,3390.767578125,15516566862,1633219200
2021-10-04,3380.089111328125,3434.775390625,3283.44873046875,3418.7763671875,17747154101,1633305600
2021-10-05,3518.5185546875,3541.45166015625,3365.817626953125,3381.784423828125,16632591670,1633392000
2021-10-06,3580.56201171875,3622.55126953125,3354.4697265625,3516.5703125,21855226591,1633478400
2021-10-07,3587.974853515625,3650.01318359375,3479.9091796875,3576.814453125,19090322927,1633564800
2021-10-08,3563.75927734375,3667.95751953125,3547.828125,3587.832763671875,16222029488,1633651200
2021-10-09,3575.716796875,3628.2373046875,3544.640380859375,3559.997802734375,12707036942,1633737600
2021-10-10,3425.852783203125,3603.244873046875,3414.970947265625,3575.0205078125,16171746693,1633824000
2021-10-11,3545.35400390625,3622.28955078125,3385.76171875,3419.726806640625,18579189588,1633910400
2021-10-12,3492.5732421875,3546.477783203125,3407.338134765625,3546.477783203125,18109578443,1633996800
2021-10-13,3606.20166015625,3607.74169921875,3417.60205078125,3492.753662109375,16211275589,1634083200
2021-10-14,3786.01416015625,3819.258544921875,3590.275146484375,3604.958984375,19443499909,1634169600
2021-10-15,3862.634765625,3895.46630859375,3735.363525390625,3790.154296875,20966841512,1634256000
2021-10-16,3830.382080078125,3962.453125,3805.885986328125,3865.66650390625,16578095629,1634342400
2021-10-17,3847.1044921875,3914.89794921875,3660.723388671875,3829.85888671875,15908090346,1634428800
2021-10-18,3748.76025390625,3888.209228515625,3686.75048828125,3847.72998046875,17386204158,1634515200
2021-10-19,3877.65087890625,3883.9287109375,3736.7802734375,3747.162841796875,15998757133,1634601600
2021-10-20,4155.9921875,4167.47216796875,3833.2880859375,3877.73095703125,20338319988,1634688000
2021-10-21,4054.32275390625,4366.08837890625,4032.48388671875,4161.71337890625,28220661820,1634774400
2021-10-22,3970.181884765625,4162.9755859375,3908.34033203125,4055.6865234375,19432937968,1634860800
2021-10-23,4171.66357421875,4171.66357421875,3944.6318359375,3971.3564453125,14781537792,1634947200
2021-10-24,4087.903076171875,4185.7294921875,3967.120361328125,4171.85595703125,14978083638,1635033600
2021-10-25,4217.876953125,4236.6669921875,4072.03466796875,4084.42578125,15995727040,1635120000
2021-10-26,4131.10205078125,4289.13134765625,4106.82373046875,4217.337890625,17157714562,1635206400
2021-10-27,3930.25732421875,4299.15283203125,3930.25732421875,4132.17333984375,26219530404,1635292800
2021-10-28,4287.31884765625,4293.15087890625,3905.7060546875,3924.8154296875,25958154575,1635379200
2021-10-29,4414.74658203125,4455.7353515625,4271.70751953125,4288.6865234375,22967641914,1635465600
2021-10-30,4325.650390625,4426.8486328125,4252.494140625,4414.24365234375,14615490626,1635552000
2021-10-31,4288.07421875,4394.44970703125,4179.01611328125,4322.744140625,17498160238,1635638400
2021-11-01,4324.626953125,4377.322265625,4160.966796875,4288.21728515625,17985288261,1635724800
2021-11-02,4584.798828125,4599.9482421875,4288.6865234375,4322.5009765625,20794448222,1635811200
2021-11-03,4607.19384765625,4664.91015625,4462.97607421875,4589.6845703125,21220463155,1635897600
2021-11-04,4537.32421875,4606.51611328125,4426.62255859375,4604.6787109375,18415244464,1635984000
2021-11-05,4486.2431640625,4570.89599609375,4447.4873046875,4537.42333984375,15086003586,1636070400
2021-11-06,4521.5810546875,4530.9970703125,4334.9736328125,4482.64794921875,14429076700,1636156800
2021-11-07,4620.5546875,4640.921875,4510.984375,4523.98193359375,13541376033,1636243200
2021-11-08,4812.08740234375,4822.36328125,4619.6494140625,4619.6494140625,19290896267,1636329600
2021-11-09,4735.06884765625,4837.58935546875,4718.0390625,4810.0712890625,20834172627,1636416000
2021-11-10,4636.17431640625,4859.5029296875,4485.09326171875,4733.36279296875,22748160545,1636502400
2021-11-11,4730.38427734375,4778.05908203125,4580.990234375,4635.45361328125,17933201129,1636588800
2021-11-12,4667.115234375,4808.73876953125,4510.92041015625,4724.306640625,18316060208,1636675200
2021-11-13,4651.46044921875,4702.115234375,4582.1806640625,4666.71923828125,14457436261,1636761600
2021-11-14,4626.35888671875,4689.8427734375,4516.935546875,4648.6328125,12172962219,1636848000
2021-11-15,4557.50390625,4764.63623046875,4546.59912109375,4627.0908203125,16275851299,1636934400
2021-11-16,4216.365234375,4891.70458984375,4144.3349609375,4570.47802734375,27417502801,1637020800
2021-11-17,4287.59375,4300.306640625,4107.1259765625,4213.91064453125,22183461850,1637107200
2021-11-18,4000.65087890625,4343.55712890625,3959.227783203125,4287.80224609375,21383250893,1637193600
2021-11-19,4298.306640625,4311.7138671875,3982.91748046875,3995.7294921875,20626269711,1637280000
2021-11-20,4409.93115234375,4434.38818359375,4209.24267578125,4298.3505859375,15448261277,1637366400
2021-11-21,4269.73291015625,4422.49169921875,4255.455078125,4412.1953125,14094831413,1637452800
2021-11-22,4088.457763671875,4302.02294921875,4033.572265625,4266.50927734375,19752218877,1637539200
2021-11-23,4340.763671875,4385.4833984375,4069.7666015625,4089.680419921875,22133497059,1637625600
2021-11-24,4239.9814453125,4376.8759765625,4176.18359375,4340.0361328125,21838037128,1637712000
2021-11-25,4274.7431640625,4550.51806640625,4249.7744140625,4271.39453125,18705358318,1637798400
2021-11-26,4030.908935546875,4550.84228515625,3933.506591796875,4522.208984375,26281795488,1637884800
2021-11-27,4096.912109375,4187.68408203125,4033.513916015625,4042.9990234375,16515693874,1637971200
2021-11-28,4294.45361328125,4297.91650390625,3989.969970703125,4101.64892578125,15953126340,1638057600
2021-11-29,4445.10498046875,4460.8486328125,4284.5048828125,4296.94677734375,19086475837,1638144000
2021-11-30,4631.47900390625,4753.26611328125,4358.07421875,4447.76806640625,28626354111,1638230400
2021-12-01,4586.990234375,4780.732421875,4530.2724609375,4623.6796875,27634826695,1638316800
2021-12-02,4511.30224609375,4628.919921875,4441.5078125,4586.3330078125,21502671027,1638403200
2021-12-03,4220.7060546875,4647.2890625,4100.1455078125,4514.35595703125,25879591528,1638489600
2021-12-04,4119.58740234375,4242.7255859375,3525.494140625,4227.76220703125,38478999182,1638576000
2021-12-05,4198.32275390625,4246.92333984375,4040.217529296875,4119.62890625,25533062707,1638662400
2021-12-06,4358.7373046875,4375.5205078125,3930.806640625,4199.0,28229518513,1638748800
2021-12-07,4315.0615234375,4428.58935546875,4264.32373046875,4358.5869140625,22366213354,1638835200
2021-12-08,4439.35791015625,4453.1123046875,4234.53759765625,4311.67431640625,18704315119,1638921600
2021-12-09,4119.81591796875,4482.31396484375,4078.84423828125,4433.02490234375,22296131874,1639008000
2021-12-10,3908.49609375,4227.11181640625,3897.767578125,4113.58837890625,28014595631,1639094400
2021-12-11,4084.452392578125,4095.6484375,3846.054443359375,3909.667724609375,19131502454,1639180800
2021-12-12,4134.453125,4173.60888671875,3993.055908203125,4084.811279296875,14057603914,1639267200
2021-12-13,3784.226806640625,4145.955078125,3680.609130859375,4136.35986328125,23999841386,1639353600
2021-12-14,3745.4404296875,3866.6337890625,3700.104736328125,3782.82275390625,23836759957,1639440000
2021-12-15,4018.388671875,4086.372802734375,3664.719970703125,3862.25146484375,26411188833,1639526400
2021-12-16,3962.4697265625,4110.36865234375,3956.05712890625,4020.4150390625,19825531254,1639612800
2021-12-17,3879.486572265625,3992.79248046875,3711.424560546875,3959.012451171875,23143541098,1639699200
2021-12-18,3960.860107421875,3993.829833984375,3774.614990234375,3880.29150390625,19530895889,1639785600
2021-12-19,3922.592529296875,4018.658447265625,3894.398681640625,3960.872314453125,16167785597,1639872000
2021-12-20,3933.844482421875,3980.0986328125,3759.4033203125,3923.69580078125,21589690675,1639958400
2021-12-21,4020.260009765625,4058.8212890625,3918.837890625,3938.4638671875,16388555198,1640044800
2021-12-22,3982.099609375,4073.79150390625,3947.690185546875,4018.69580078125,13921756199,1640131200
2021-12-23,4108.015625,4149.02685546875,3897.234375,3981.961669921875,18007273742,1640217600
2021-12-24,4047.98291015625,4134.1064453125,4029.064453125,4111.34521484375,12769090623,1640304000
2021-12-25,4093.281005859375,4138.56494140625,4027.927001953125,4049.781982421875,10894785525,1640390400
2021-12-26,4067.328125,4105.02392578125,4013.0263671875,4094.151611328125,11197244172,1640476800
2021-12-27,4037.547607421875,4126.00146484375,4033.492431640625,4064.746337890625,11424360002,1640563200
2021-12-28,3800.89306640625,4037.5380859375,3769.280029296875,4037.5380859375,17299472803,1640649600
2021-12-29,3628.53173828125,3827.98193359375,3612.7958984375,3797.436279296875,15722555672,1640736000
2021-12-30,3713.85205078125,3767.559814453125,3595.204833984375,3632.2197265625,12925377999,1640822400
2021-12-31,3682.6328125,3807.288818359375,3636.869873046875,3713.43017578125,14157285268,1640908800
2022-01-01,3769.697021484375,3769.91796875,3682.28662109375,3683.047119140625,9776191466,1640995200
2022-01-02,3829.56494140625,3836.161865234375,3727.357421875,3769.29833984375,9881471548,1641081600
2022-01-03,3761.38037109375,3836.19873046875,3698.047607421875,3829.53564453125,12080777893,1641168000
2022-01-04,3794.056640625,3876.78515625,3723.349853515625,3761.361572265625,14030925983,1641254400
2022-01-05,3550.386962890625,3842.059814453125,3456.745361328125,3794.26904296875,18061338502,1641340800
2022-01-06,3418.408203125,3549.708984375,3335.376708984375,3549.708984375,24293791313,1641427200
2022-01-07,3193.21044921875,3420.4619140625,3117.38134765625,3417.837890625,24494179209,1641513600
2022-01-08,3091.97265625,3240.304443359375,3020.880859375,3193.50244140625,16037732700,1641600000
2022-01-09,3157.75146484375,3206.790771484375,3075.911376953125,3091.6962890625,12334683863,1641686400
2022-01-10,3083.097900390625,3177.21337890625,2947.68359375,3157.570556640625,19535744145,1641772800
2022-01-11,3238.111572265625,3247.511962890625,3061.140625,3082.990966796875,15211447193,1641859200
2022-01-12,3372.25830078125,3401.219970703125,3216.718017578125,3238.449951171875,16662871689,1641945600
2022-01-13,3248.28857421875,3396.9697265625,3247.91748046875,3372.10498046875,15294466275,1642032000
2022-01-14,3310.00146484375,3330.76611328125,3203.82373046875,3248.648681640625,13562957230,1642118400
2022-01-15,3330.53076171875,3364.537841796875,3278.6708984375,3309.84423828125,9619999078,1642204800
2022-01-16,3350.921875,3376.401123046875,3291.563720703125,3330.38720703125,9505934874,1642291200
2022-01-17,3212.304931640625,3355.8193359375,3157.22412109375,3350.947265625,12344309617,1642377600
2022-01-18,3164.025146484375,3236.01611328125,3096.12353515625,3212.28759765625,13024154091,1642464000
2022-01-19,3095.825927734375,3171.158447265625,3055.21240234375,3163.850341796875,13187424144,1642550400
2022-01-20,3001.1201171875,3265.3369140625,3000.908203125,3095.271728515625,10645922764,1642636800
2022-01-21,2557.931640625,3029.0810546875,2496.81298828125,3002.956787109375,26796291874,1642723200
2022-01-22,2405.18115234375,2615.247314453125,2330.247314453125,2561.145263671875,27369692036,1642809600
2022-01-23,2535.0390625,2542.144775390625,2381.51513671875,2406.92431640625,16481489511,1642896000
2022-01-24,2440.352294921875,2537.20849609375,2172.30126953125,2535.89111328125,28220804648,1642982400
2022-01-25,2455.93505859375,2498.507080078125,2359.384765625,2440.3935546875,16179776932,1643068800
2022-01-26,2468.0302734375,2705.7841796875,2417.68310546875,2455.5791015625,21229909340,1643155200
2022-01-27,2423.001220703125,2510.45166015625,2328.4521484375,2467.1884765625,16126522783,1643241600
2022-01-28,2547.092041015625,2548.778564453125,2367.833740234375,2421.64697265625,14666227351,1643328000
2022-01-29,2597.084716796875,2627.609375,2526.98974609375,2546.590576171875,11172062661,1643414400
2022-01-30,2603.466552734375,2631.408447265625,2550.4609375,2598.56494140625,9501221177,1643500800
